v2.0 raw
11111000 110000 110000 0 10001000 0 0 0
11111000 11111000 11110000 0 0 1000000 10001000 0
11111000 1000000 10011000 0 10 1000000 0 0
100 11111000 11111000 0 0 0 10001000 0
11111000 11111000 11111000 0 0 0 10001000 0
11111000 11111000 11111000 0 1000000 10101000 0 0
100000 0 1000 0 1000000 0 0 0
11111000 11111000 1000 0 0 10101000 0 0
11111000 0 1000 0 10101000 4*0 10000000 0
0 11111000 11111000 0 0 1000 10000000 0
0 11111000 4*0 11111000 0 0 0 100000
0 0 11111000 11111000 0 0 1000000 0
0 0 100000 11111000 0 0 11111000 4*0
11111000 0 0 11111000 10100000 0 0 10010000
11111000 0 0 11111000 7*0 110000 110000
